-4.866453502994486868e+00
-1.747408751556150008e+01
3.986974667692626983e+00
-1.668018787567157446e+01
-1.517775039651281332e+01
1.013246943392321420e+01
-3.337777081892076581e+01
7.968104682005790806e+00
-4.268390954361890088e+00
-3.175883814118708770e+01
7.284332439978217444e+00
-4.240389763883937846e+00
-3.222309128591210481e+01
6.970052280113737453e+00
-4.214443542196373294e+00
-3.281751184515388076e+01
7.874152629366204081e+00
-4.209995106907382656e+00
-3.133571977968146172e+01
7.302571667582938630e+00
-4.183740582761195093e+00
-3.126948323461974155e+01
6.717625903442742796e+00
-4.159177073487743570e+00
-3.226686322308274413e+01
7.783026679596694031e+00
-4.155078131088670190e+00
-3.098414081686858523e+01
7.334873468469130131e+00
-4.130159009666499514e+00
-3.115767063343325916e+01
6.908064361675963383e+00
-4.106797149936808999e+00
-3.200256181386090049e+01
7.933784390697281808e+00
-4.102990258898747911e+00
-3.056890029733551373e+01
7.348404377671145404e+00
-4.079042625540224343e+00
-3.092911241905645170e+01
6.982525167111343301e+00
-4.056599524576586013e+00
-3.170230616193049045e+01
7.978791998795886187e+00
-4.053105321006331252e+00
-3.042631453456430890e+01
7.460547293440479955e+00
-4.030203593609279267e+00
-3.058446220622011325e+01
6.986375275562063614e+00
-4.008716182037851183e+00
-3.135119416848562679e+01
7.980727578706203751e+00
-4.005470789329581116e+00
-3.014216981997877909e+01
7.457721268848144902e+00
-3.983510145808639269e+00
-3.049482388764144503e+01
7.046051840662588717e+00
-3.963022035910269025e+00
-3.191694412318268803e+01
6.725855292204564684e+00
-3.944230611363584771e+00
-3.136633533259052697e+01
8.113117591310100352e+00
-3.960059630663532726e+00
-3.015064703741978747e+01
7.490145138182650264e+00
-3.939020506427818091e+00
-3.049354266187365781e+01
6.996635839096653875e+00
-3.919302852605722531e+00
-3.189982546158073617e+01
6.709203410784783550e+00
-3.901212694539919923e+00
-3.120173681307332103e+01
7.888100657793008175e+00
-3.916546268865115810e+00
-3.033413686386274222e+01
7.443860295594496357e+00
-3.896366679665474120e+00
-3.081449786343102915e+01
7.014273245130318912e+00
-3.877406480918177412e+00
-3.126719225976631122e+01
7.685018337686866374e+00
-3.874835917690728326e+00
-3.020169866800759451e+01
7.089222506655850964e+00
-3.855339610044710152e+00
-3.157894194121891118e+01
7.045144281315998569e+00
-3.837006058404329067e+00
-3.122622799542675054e+01
7.291888724161406543e+00
-3.834650907025841438e+00
-3.059086134273556823e+01
6.973038406612750428e+00
-3.815854339296648412e+00
-3.232054361981195711e+01
7.023229164916127587e+00
-3.798068881501996952e+00
-3.160711418571750997e+01
7.071130752227432481e+00
-3.795887881824536514e+00
-3.065798183607900285e+01
6.621791015554926219e+00
-3.777678437456439831e+00
-3.213017062179021366e+01
6.978766294244971746e+00
-3.758497685480018724e+00
-3.082742433326526310e+01
6.423991785894518358e+00
-3.740834683304233632e+00
-4.435095855461183589e+01
1.351015221269775424e+01
-4.131107316205569369e+00
-3.230793360815368942e+01
8.121624961941467546e+00
-4.079251222338785787e+00
-3.044254054214300353e+01
7.468309835577273681e+00
-4.030203763766833980e+00
-3.016577880334360628e+01
7.468582238052955624e+00
-3.983510200278428837e+00
-3.005302645124396577e+01
7.434066790345247533e+00
-3.939020157188791948e+00
-3.034998271748996501e+01
7.450355357936564893e+00
-3.896366419725564967e+00
-3.055091452844542843e+01
7.264409935192347234e+00
-3.855341860447596414e+00
-3.055082693991296594e+01
6.938443859026044436e+00
-3.815872833260078867e+00
-3.079336402802232087e+01
6.665907730877322024e+00
-3.777685169331583825e+00
